-1890.0
-844.0
-387.0
-169.0
-346.0
-546.0
-284.0
-628.0
-250.0
-283.0
-555.0
-219.0
-684.0
-1003.0
-182.0
-270.0
-217.0
-440.0
-1562.0
-438.0
-268.0
-718.0
-322.0
-206.0
-217.0
-145.0
-137.0
-142.0
-152.0
-182.0
-187.0
-128.0
-183.0
-188.0
-633.0
-596.0
-195.0
-131.0
-496.0
-129.0
-237.0
-186.0
-204.0
-226.0
-375.0
-344.0
-233.0
-246.0
-308.0
-206.0
-226.0
-261.0
-350.0
-129.0
-141.0
-210.0
-127.0
-152.0
-143.0
-463.0
-264.0
-146.0
-128.0
-252.0
-307.0
-265.0
-97.0
-138.0
-132.0
-140.0
-128.0
-137.0
-173.0
-220.0
-148.0
-205.0
-222.0
-278.0
-226.0
-252.0
-241.0
-324.0
-202.0
-215.0
-272.0
-204.0
-324.0
-294.0
-149.0
-233.0
-243.0
-269.0
-187.0
-267.0
-234.0
-150.0
-266.0
-217.0
-237.0
-181.0
-223.0
-312.0
-153.0
-240.0
-143.0
-311.0
-141.0
-451.0
-153.0
-252.0
-226.0
-159.0
-217.0
-151.0
-244.0
-331.0
-158.0
-139.0
-142.0
-142.0
-379.0
-142.0
-226.0
-167.0
-208.0
-143.0
-142.0
-377.0
-231.0
-146.0
-140.0
-222.0
-134.0
-219.0
-139.0
-142.0
-139.0
-137.0
-140.0
-140.0
-143.0
-146.0
-141.0
-221.0
-449.0
-144.0
-294.0
-221.0
-291.0
-143.0
-375.0
-152.0
-139.0
-129.0
-128.0
-208.0
-136.0
-138.0
-159.0
-139.0
-136.0
-176.0
-143.0
-219.0
-141.0
-297.0
-140.0
-137.0
-144.0
-467.0
-203.0
-155.0
-150.0
-140.0
-217.0
-172.0
-141.0
-301.0
-142.0
-602.0
-317.0
-137.0
-295.0
-139.0
-144.0
-232.0
-142.0
-297.0
-141.0
-469.0
-137.0
-137.0
-136.0
-143.0
-301.0
-447.0
-138.0
-370.0
-293.0
-135.0
-138.0
-218.0
-135.0
-139.0
-145.0
-290.0
-135.0
-227.0
-137.0
-220.0
-137.0
-136.0
-137.0
-226.0
-140.0
-137.0
-218.0
-146.0
-315.0
-138.0
-137.0
-214.0
-132.0
-230.0
-137.0
-138.0
-230.0
-222.0
-148.0
-300.0
-212.0
-142.0
-315.0
-144.0
-231.0
-139.0
-294.0
-145.0
-217.0
-137.0
-138.0
-233.0
